48518
49104
48405
48614
49030
48397
49078
48308
48392
48989
48282
48406
49064
48383
48543
48486
48348
48565
48653
48330
48314
49084
48682
48534
48619
49036
48446
48662
49054
49080
48287
48464
49149
48317
48612
48336
48427
48651
48665
48586
49011
48439
48992
48450
49038
48402
48544
48329
48628
48593
48315
48468
48374
48361
48482
48687
48339
48528
48587
49022
48520
49010
48318
48970
48621
48492
48600
48249
48250
48254
48490
49031
48445
49099
49033
49117
48501
48580
48555
48987
49079
48669
48349
49077
48356
48538
48581
48466
48625
48310
48491
49039
48246
48672
48638
48347
49017
48601
